  10 base-pairs
   1  ***local base-pair & helical parameters***
       Shear  Stretch  Stagger Buckle Prop-Tw Opening  X-disp  Y-disp  Rise_h  Incl.    Tip   Twist_h
A+T     0.39   -3.46    0.02    4.23    7.07   69.39    0.00    0.00    0.00    0.00    0.00    0.00
A+T     0.39   -3.46    0.02    4.23    7.07   69.40   -2.83    0.40    3.26   11.28   -5.36   30.00
A+T     0.39   -3.46    0.02    4.23    7.08   69.40   -2.83    0.40    3.26   11.27   -5.37   30.00
A+T     0.39   -3.46    0.02    4.23    7.07   69.39   -2.83    0.40    3.26   11.27   -5.37   30.00
A+T     0.39   -3.46    0.02    4.23    7.07   69.40   -2.83    0.40    3.26   11.28   -5.36   30.00
A+T     0.39   -3.46    0.02    4.23    7.08   69.40   -2.83    0.40    3.26   11.27   -5.37   30.00
A+T     0.39   -3.46    0.02    4.23    7.07   69.39   -2.83    0.40    3.26   11.27   -5.37   30.00
A+T     0.39   -3.46    0.02    4.23    7.07   69.40   -2.83    0.40    3.26   11.28   -5.36   30.00
A+T     0.39   -3.46    0.02    4.23    7.08   69.40   -2.83    0.40    3.26   11.27   -5.37   30.00
A+T     0.39   -3.46    0.02    4.23    7.07   69.39   -2.83    0.40    3.26   11.27   -5.37   30.00
