   12 base-pairs
...     1 C-G ...
   17.1274   25.9624   25.8783
   -0.9873    0.1544    0.0378
    0.1215    0.8864   -0.4467
   -0.1025   -0.4365   -0.8939
...     2 G-C ...
   16.5559   24.8057   22.9484
   -0.7397    0.6698   -0.0656
    0.6379    0.6667   -0.3854
   -0.2144   -0.3269   -0.9204
...     3 C-G ...
   16.1646   23.9736   19.2784
   -0.1240    0.8783   -0.4617
    0.9751    0.0216   -0.2207
   -0.1839   -0.4776   -0.8591
...     4 G-C ...
   16.1825   22.5787   16.5538
    0.3360    0.8778   -0.3415
    0.9247   -0.3763   -0.0574
   -0.1789   -0.2965   -0.9381
...     5 A-T ...
   15.2504   21.3381   13.5052
    0.8346    0.4767   -0.2762
    0.5321   -0.8274    0.1798
   -0.1428   -0.2970   -0.9441
...     6 A-T ...
   14.8825   20.6882   10.2718
    0.9873   -0.1230   -0.1006
   -0.0859   -0.9457    0.3135
   -0.1337   -0.3009   -0.9442
...     7 T-A ...
   14.5841   20.2701    7.0380
    0.7808   -0.6234    0.0422
   -0.5987   -0.7272    0.3358
   -0.1787   -0.2875   -0.9410
...     8 T-A ...
   14.3037   19.6646    3.8664
    0.3124   -0.9290    0.1982
   -0.9355   -0.2647    0.2339
   -0.1649   -0.2585   -0.9518
...     9 C-G ...
   13.9902   19.0551    0.4514
   -0.4010   -0.8743    0.2735
   -0.9034    0.4269    0.0400
   -0.1517   -0.2311   -0.9610
...    10 G-C ...
   12.3610   18.2860   -2.2433
   -0.7459   -0.5704    0.3439
   -0.6195    0.7838   -0.0436
   -0.2447   -0.2456   -0.9380
...    11 C-G ...
   12.8788   18.3067   -5.8406
   -0.9929    0.0667    0.0981
    0.0504    0.9858   -0.1602
   -0.1074   -0.1542   -0.9822
...    12 G-C ...
   12.7289   17.9857   -9.0171
   -0.7837    0.6119    0.1068
    0.5839    0.7844   -0.2095
   -0.2119   -0.1018   -0.9720
