  12 base-pairs
   1  ***local base-pair & helical parameters***
       Shear  Stretch  Stagger Buckle Prop-Tw Opening  X-disp  Y-disp  Rise_h  Incl.    Tip   Twist_h
C-G     0.28   -0.14    0.07    6.93  -17.31   -0.61    0.00    0.00    0.00    0.00    0.00    0.00
G-C    -0.24   -0.18    0.49    9.34  -14.30   -2.08   -1.27   -0.65    3.09   14.77    5.57   33.94
C-G     0.24   -0.17    0.16   -4.43   -5.40    0.43    1.79   -0.36    3.52  -11.95   -3.76   44.84
G-C    -0.26   -0.11    0.01   10.81   -9.45    1.01   -1.40    0.52    2.98   24.46   -2.09   27.52
A-T    -0.04   -0.11    0.01    4.72  -15.31    1.60   -0.40    0.49    3.40    2.13    2.46   37.56
A-T     0.05   -0.05    0.07    0.44  -15.00    6.23   -0.57   -0.31    3.29    0.71    0.51   37.52
T-A    -0.04   -0.12    0.17   -0.26  -16.74    3.93   -0.61   -0.03    3.26   -4.78    0.56   32.51
T-A    -0.11   -0.12   -0.00   -1.56  -16.36    5.12   -0.53    0.41    3.22   -1.68   -2.89   33.80
C-G     0.21   -0.13    0.00  -12.41  -10.27   -1.22   -0.13    0.45    3.47   -2.34   -0.95   42.17
G-C    -0.11   -0.05    0.24    4.21   -9.60    3.21    0.66   -2.36    3.03    8.97    7.84   27.14
C-G     0.16   -0.13    0.21    0.28  -17.42   -1.75    1.47    1.50    3.30  -12.97    3.95   42.69
G-C    -0.24   -0.07    0.25    4.67   -4.95   -1.62   -0.69    0.42    3.16   11.53    1.17   33.96
