****************************************************************************
CEHS base-pair parameters
     bp        Shear    Stretch   Stagger    Buckle  Propeller  Opening
    1 A+T       0.39     -3.46      0.16      4.49      8.60     69.21
    2 A+T       0.39     -3.46      0.16      4.49      8.60     69.22
    3 A+T       0.39     -3.46      0.16      4.49      8.61     69.22
    4 A+T       0.39     -3.46      0.16      4.49      8.60     69.21
    5 A+T       0.39     -3.46      0.16      4.49      8.60     69.22
    6 A+T       0.39     -3.46      0.16      4.49      8.61     69.22
    7 A+T       0.39     -3.46      0.16      4.49      8.60     69.21
    8 A+T       0.39     -3.46      0.16      4.49      8.60     69.22
    9 A+T       0.39     -3.46      0.16      4.49      8.61     69.22
   10 A+T       0.39     -3.46      0.16      4.49      8.60     69.21
          ~~~~~~~~~~~~~~~~~~~~~~~~~~~~~~~~~~~~~~~~~~~~~~~~~~~~~~~~~~~~
      ave.      0.39     -3.46      0.16      4.49      8.60     69.21
      s.d.      0.00      0.00      0.00      0.00      0.00      0.00
****************************************************************************
CEHS base-pair step parameters
    step       Shift     Slide      Rise      Tilt      Roll     Twist
   1 AA/TT      0.14     -0.68      3.51      3.08      7.03     29.02
   2 AA/TT      0.14     -0.68      3.51      3.08      7.03     29.02
   3 AA/TT      0.14     -0.68      3.51      3.08      7.03     29.03
   4 AA/TT      0.14     -0.68      3.51      3.08      7.03     29.02
   5 AA/TT      0.14     -0.68      3.51      3.08      7.03     29.02
   6 AA/TT      0.14     -0.68      3.51      3.08      7.03     29.03
   7 AA/TT      0.14     -0.68      3.51      3.08      7.03     29.02
   8 AA/TT      0.14     -0.68      3.51      3.08      7.03     29.02
   9 AA/TT      0.14     -0.68      3.51      3.08      7.03     29.03
          ~~~~~~~~~~~~~~~~~~~~~~~~~~~~~~~~~~~~~~~~~~~~~~~~~~~~~~~~~~~~
      ave.      0.14     -0.68      3.51      3.08      7.03     29.02
      s.d.      0.00      0.00      0.00      0.00      0.00      0.00
****************************************************************************
CompDNA base-pair parameters
     bp        Shear    Stretch   Stagger    Buckle  Propeller  Opening
    1 A+T       0.39     -3.46      0.02      4.22      7.07     69.33
    2 A+T       0.39     -3.46      0.02      4.22      7.07     69.34
    3 A+T       0.39     -3.46      0.02      4.22      7.08     69.33
    4 A+T       0.39     -3.46      0.02      4.22      7.07     69.33
    5 A+T       0.39     -3.46      0.02      4.22      7.07     69.34
    6 A+T       0.39     -3.46      0.02      4.22      7.08     69.33
    7 A+T       0.39     -3.46      0.02      4.22      7.07     69.33
    8 A+T       0.39     -3.46      0.02      4.22      7.07     69.34
    9 A+T       0.39     -3.46      0.02      4.22      7.08     69.33
   10 A+T       0.39     -3.46      0.02      4.22      7.07     69.33
          ~~~~~~~~~~~~~~~~~~~~~~~~~~~~~~~~~~~~~~~~~~~~~~~~~~~~~~~~~~~~
      ave.      0.39     -3.46      0.02      4.22      7.07     69.33
      s.d.      0.00      0.00      0.00      0.00      0.00      0.00
****************************************************************************
CompDNA base-pair step parameters
    step       Shift     Slide      Rise      Tilt      Roll     Twist
   1 AA/TT      0.10     -0.82      3.48      2.75      5.80     29.29
   2 AA/TT      0.10     -0.82      3.48      2.75      5.79     29.29
   3 AA/TT      0.10     -0.82      3.48      2.75      5.80     29.30
   4 AA/TT      0.10     -0.82      3.48      2.75      5.80     29.29
   5 AA/TT      0.10     -0.82      3.48      2.75      5.79     29.29
   6 AA/TT      0.10     -0.82      3.48      2.75      5.80     29.30
   7 AA/TT      0.10     -0.82      3.48      2.75      5.80     29.29
   8 AA/TT      0.10     -0.82      3.48      2.75      5.79     29.29
   9 AA/TT      0.10     -0.82      3.48      2.75      5.80     29.30
          ~~~~~~~~~~~~~~~~~~~~~~~~~~~~~~~~~~~~~~~~~~~~~~~~~~~~~~~~~~~~
      ave.      0.10     -0.82      3.48      2.75      5.79     29.29
      s.d.      0.00      0.00      0.00      0.00      0.00      0.00
****************************************************************************
Curves base-pair parameters (by Xiang-Jun Lu)
     bp        Shear    Stretch   Stagger    Buckle  Propeller  Opening
    1 A+T       0.38     -3.46      0.02      4.24      7.06     69.39
    2 A+T       0.38     -3.46      0.02      4.24      7.07     69.40
    3 A+T       0.38     -3.46      0.02      4.24      7.07     69.40
    4 A+T       0.38     -3.46      0.02      4.24      7.06     69.39
    5 A+T       0.38     -3.46      0.02      4.24      7.07     69.40
    6 A+T       0.38     -3.46      0.02      4.24      7.07     69.40
    7 A+T       0.38     -3.46      0.02      4.24      7.06     69.39
    8 A+T       0.38     -3.46      0.02      4.24      7.07     69.40
    9 A+T       0.38     -3.46      0.02      4.24      7.07     69.40
   10 A+T       0.38     -3.46      0.02      4.24      7.06     69.39
          ~~~~~~~~~~~~~~~~~~~~~~~~~~~~~~~~~~~~~~~~~~~~~~~~~~~~~~~~~~~~
      ave.      0.38     -3.46      0.02      4.24      7.07     69.40
      s.d.      0.00      0.00      0.00      0.00      0.00      0.00
****************************************************************************
Curves base-pair step parameters
    step       Shift     Slide      Rise      Tilt      Roll     Twist
   1 AA/TT      0.10     -0.82      3.49      2.77      5.79     29.32
   2 AA/TT      0.10     -0.82      3.49      2.77      5.78     29.32
   3 AA/TT      0.10     -0.82      3.49      2.77      5.79     29.33
   4 AA/TT      0.10     -0.82      3.49      2.77      5.79     29.32
   5 AA/TT      0.10     -0.82      3.49      2.77      5.78     29.32
   6 AA/TT      0.10     -0.82      3.49      2.77      5.79     29.33
   7 AA/TT      0.10     -0.82      3.49      2.77      5.79     29.32
   8 AA/TT      0.10     -0.82      3.49      2.77      5.78     29.32
   9 AA/TT      0.10     -0.82      3.49      2.77      5.79     29.33
          ~~~~~~~~~~~~~~~~~~~~~~~~~~~~~~~~~~~~~~~~~~~~~~~~~~~~~~~~~~~~
      ave.      0.10     -0.82      3.49      2.77      5.79     29.32
      s.d.      0.00      0.00      0.00      0.00      0.00      0.00
****************************************************************************
FreeHelix base-pair parameters (by Xiang-Jun Lu)
     bp        Shear    Stretch   Stagger    Buckle  Propeller  Opening
    1 A+T       0.39     -3.46      0.02      4.22      7.08     69.33
    2 A+T       0.39     -3.46      0.02      4.23      7.08     69.34
    3 A+T       0.39     -3.46      0.02      4.22      7.08     69.33
    4 A+T       0.39     -3.46      0.02      4.22      7.08     69.33
    5 A+T       0.39     -3.46      0.02      4.23      7.08     69.34
    6 A+T       0.39     -3.46      0.02      4.22      7.08     69.33
    7 A+T       0.39     -3.46      0.02      4.22      7.08     69.33
    8 A+T       0.39     -3.46      0.02      4.23      7.08     69.34
    9 A+T       0.39     -3.46      0.02      4.22      7.08     69.33
   10 A+T       0.39     -3.46      0.02      4.22      7.08     69.33
          ~~~~~~~~~~~~~~~~~~~~~~~~~~~~~~~~~~~~~~~~~~~~~~~~~~~~~~~~~~~~
      ave.      0.39     -3.46      0.02      4.22      7.08     69.33
      s.d.      0.00      0.00      0.00      0.00      0.00      0.00
****************************************************************************
FreeHelix base-pair step parameters
    step       Shift     Slide      Rise      Tilt      Roll     Twist
   1 AA/TT      0.10     -0.82      3.48      2.75      5.80     29.29
   2 AA/TT      0.10     -0.82      3.48      2.75      5.80     29.29
   3 AA/TT      0.10     -0.82      3.48      2.75      5.80     29.30
   4 AA/TT      0.10     -0.82      3.48      2.75      5.80     29.29
   5 AA/TT      0.10     -0.82      3.48      2.75      5.80     29.29
   6 AA/TT      0.10     -0.82      3.48      2.75      5.80     29.30
   7 AA/TT      0.10     -0.82      3.48      2.75      5.80     29.29
   8 AA/TT      0.10     -0.82      3.48      2.75      5.80     29.29
   9 AA/TT      0.10     -0.82      3.48      2.75      5.80     29.30
          ~~~~~~~~~~~~~~~~~~~~~~~~~~~~~~~~~~~~~~~~~~~~~~~~~~~~~~~~~~~~
      ave.      0.10     -0.82      3.48      2.75      5.80     29.29
      s.d.      0.00      0.00      0.00      0.00      0.00      0.00
****************************************************************************
NGEOM base-pair parameters
     bp        Shear    Stretch   Stagger    Buckle  Propeller  Opening
    1 A+T       0.39     -3.46      0.08      4.23      7.07     69.39
    2 A+T       0.39     -3.46      0.08      4.23      7.07     69.40
    3 A+T       0.39     -3.46      0.08      4.23      7.08     69.40
    4 A+T       0.39     -3.46      0.08      4.23      7.07     69.39
    5 A+T       0.39     -3.46      0.08      4.23      7.07     69.40
    6 A+T       0.39     -3.46      0.08      4.23      7.08     69.40
    7 A+T       0.39     -3.46      0.08      4.23      7.07     69.39
    8 A+T       0.39     -3.46      0.08      4.23      7.07     69.40
    9 A+T       0.39     -3.46      0.08      4.23      7.08     69.40
   10 A+T       0.39     -3.46      0.08      4.23      7.07     69.39
          ~~~~~~~~~~~~~~~~~~~~~~~~~~~~~~~~~~~~~~~~~~~~~~~~~~~~~~~~~~~~
      ave.      0.39     -3.46      0.08      4.23      7.07     69.40
      s.d.      0.00      0.00      0.00      0.00      0.00      0.00
****************************************************************************
NGEOM base-pair step parameters
    step       Shift     Slide      Rise      Tilt      Roll     Twist
   1 AA/TT      0.11     -0.80      3.49      2.75      5.79     29.32
   2 AA/TT      0.11     -0.80      3.49      2.76      5.79     29.32
   3 AA/TT      0.11     -0.80      3.49      2.76      5.79     29.33
   4 AA/TT      0.11     -0.80      3.49      2.75      5.79     29.32
   5 AA/TT      0.11     -0.80      3.49      2.76      5.79     29.32
   6 AA/TT      0.11     -0.80      3.49      2.76      5.79     29.33
   7 AA/TT      0.11     -0.80      3.49      2.75      5.79     29.32
   8 AA/TT      0.11     -0.80      3.49      2.76      5.79     29.32
   9 AA/TT      0.11     -0.80      3.49      2.76      5.79     29.33
          ~~~~~~~~~~~~~~~~~~~~~~~~~~~~~~~~~~~~~~~~~~~~~~~~~~~~~~~~~~~~
      ave.      0.11     -0.80      3.49      2.76      5.79     29.32
      s.d.      0.00      0.00      0.00      0.00      0.00      0.00
****************************************************************************
NUPARM base-pair parameters
     bp        Shear    Stretch   Stagger    Buckle  Propeller  Opening
    1 A+T       0.38     -3.46      0.16      5.13      8.59     69.19
    2 A+T       0.38     -3.46      0.16      5.13      8.59     69.20
    3 A+T       0.38     -3.46      0.16      5.13      8.60     69.20
    4 A+T       0.38     -3.46      0.16      5.13      8.59     69.19
    5 A+T       0.38     -3.46      0.16      5.13      8.59     69.20
    6 A+T       0.38     -3.46      0.16      5.13      8.60     69.20
    7 A+T       0.38     -3.46      0.16      5.13      8.59     69.19
    8 A+T       0.38     -3.46      0.16      5.13      8.59     69.20
    9 A+T       0.38     -3.46      0.16      5.13      8.60     69.20
   10 A+T       0.38     -3.46      0.16      5.13      8.59     69.19
          ~~~~~~~~~~~~~~~~~~~~~~~~~~~~~~~~~~~~~~~~~~~~~~~~~~~~~~~~~~~~
      ave.      0.38     -3.46      0.16      5.13      8.59     69.19
      s.d.      0.00      0.00      0.00      0.00      0.00      0.00
****************************************************************************
NUPARM base-pair step parameters
    step       Shift     Slide      Rise      Tilt      Roll     Twist
   1 AA/TT      0.21     -0.62      3.52      3.59      7.25     28.91
   2 AA/TT      0.21     -0.62      3.52      3.59      7.24     28.91
   3 AA/TT      0.21     -0.62      3.52      3.59      7.25     28.91
   4 AA/TT      0.21     -0.62      3.52      3.59      7.25     28.91
   5 AA/TT      0.21     -0.62      3.52      3.59      7.24     28.91
   6 AA/TT      0.21     -0.62      3.52      3.59      7.25     28.91
   7 AA/TT      0.21     -0.62      3.52      3.59      7.25     28.91
   8 AA/TT      0.21     -0.62      3.52      3.59      7.24     28.91
   9 AA/TT      0.21     -0.62      3.52      3.59      7.25     28.91
          ~~~~~~~~~~~~~~~~~~~~~~~~~~~~~~~~~~~~~~~~~~~~~~~~~~~~~~~~~~~~
      ave.      0.21     -0.62      3.52      3.59      7.25     28.91
      s.d.      0.00      0.00      0.00      0.00      0.00      0.00
****************************************************************************
NUPARM base-pair helical parameters
    step       X-disp    Y-disp     Rise     Incl.       Tip     Twist
   1 AA/TT     -2.93      0.38      3.27     13.70     -6.78     30.00
   2 AA/TT     -2.93      0.38      3.27     13.70     -6.79     30.00
   3 AA/TT     -2.93      0.38      3.27     13.70     -6.78     30.00
   4 AA/TT     -2.93      0.38      3.27     13.70     -6.78     30.00
   5 AA/TT     -2.93      0.38      3.27     13.70     -6.79     30.00
   6 AA/TT     -2.93      0.38      3.27     13.70     -6.78     30.00
   7 AA/TT     -2.93      0.38      3.27     13.70     -6.78     30.00
   8 AA/TT     -2.93      0.38      3.27     13.70     -6.79     30.00
   9 AA/TT     -2.93      0.38      3.27     13.70     -6.78     30.00
          ~~~~~~~~~~~~~~~~~~~~~~~~~~~~~~~~~~~~~~~~~~~~~~~~~~~~~~~~~~~~
      ave.     -2.93      0.38      3.27     13.70     -6.78     30.00
      s.d.      0.00      0.00      0.00      0.00      0.00      0.00
****************************************************************************
RNA base-pair parameters
     bp        Shear    Stretch   Stagger    Buckle  Propeller  Opening
    1 A+T       0.39     -4.11      0.15      4.50      7.52     69.27
    2 A+T       0.39     -4.11      0.15      4.50      7.53     69.28
    3 A+T       0.39     -4.11      0.15      4.50      7.53     69.27
    4 A+T       0.39     -4.11      0.15      4.50      7.52     69.27
    5 A+T       0.39     -4.11      0.15      4.50      7.53     69.28
    6 A+T       0.39     -4.11      0.15      4.50      7.53     69.27
    7 A+T       0.39     -4.11      0.15      4.50      7.52     69.27
    8 A+T       0.39     -4.11      0.15      4.50      7.53     69.28
    9 A+T       0.39     -4.11      0.15      4.50      7.53     69.27
   10 A+T       0.39     -4.11      0.15      4.50      7.52     69.27
          ~~~~~~~~~~~~~~~~~~~~~~~~~~~~~~~~~~~~~~~~~~~~~~~~~~~~~~~~~~~~
      ave.      0.39     -4.11      0.15      4.50      7.52     69.27
      s.d.      0.00      0.00      0.00      0.00      0.00      0.00
****************************************************************************
RNA base-pair step parameters
    step       Shift     Slide      Rise      Tilt      Roll     Twist
   1 AA/TT      0.16     -1.25      3.62      3.12      6.42     29.14
   2 AA/TT      0.16     -1.25      3.62      3.13      6.42     29.13
   3 AA/TT      0.16     -1.25      3.62      3.13      6.42     29.14
   4 AA/TT      0.16     -1.25      3.62      3.12      6.42     29.14
   5 AA/TT      0.16     -1.25      3.62      3.13      6.42     29.13
   6 AA/TT      0.16     -1.25      3.62      3.13      6.42     29.14
   7 AA/TT      0.16     -1.25      3.62      3.12      6.42     29.14
   8 AA/TT      0.16     -1.25      3.62      3.13      6.42     29.13
   9 AA/TT      0.16     -1.25      3.62      3.13      6.42     29.14
          ~~~~~~~~~~~~~~~~~~~~~~~~~~~~~~~~~~~~~~~~~~~~~~~~~~~~~~~~~~~~
      ave.      0.16     -1.25      3.62      3.13      6.42     29.14
      s.d.      0.00      0.00      0.00      0.00      0.00      0.00
****************************************************************************
RNA base-pair helical parameters
    step       X-disp    Y-disp     Rise     Incl.       Tip     Twist
   1 AA/TT     -3.86      0.40      3.26     12.38     -6.02     30.00
   2 AA/TT     -3.86      0.40      3.26     12.38     -6.03     30.00
   3 AA/TT     -3.86      0.40      3.26     12.38     -6.03     30.00
   4 AA/TT     -3.86      0.40      3.26     12.38     -6.02     30.00
   5 AA/TT     -3.86      0.40      3.26     12.38     -6.03     30.00
   6 AA/TT     -3.86      0.40      3.26     12.38     -6.03     30.00
   7 AA/TT     -3.86      0.40      3.26     12.38     -6.02     30.00
   8 AA/TT     -3.86      0.40      3.26     12.38     -6.03     30.00
   9 AA/TT     -3.86      0.40      3.26     12.38     -6.03     30.00
          ~~~~~~~~~~~~~~~~~~~~~~~~~~~~~~~~~~~~~~~~~~~~~~~~~~~~~~~~~~~~
      ave.     -3.86      0.40      3.26     12.38     -6.03     30.00
      s.d.      0.00      0.00      0.00      0.00      0.00      0.00
****************************************************************************
Strand I base step parameters
    step       Shift     Slide      Rise      Tilt      Roll     Twist
   1  A/A      -0.60     -0.91      3.61      4.76      5.15     29.17
   2  A/A      -0.60     -0.91      3.61      4.75      5.14     29.17
   3  A/A      -0.60     -0.91      3.61      4.76      5.14     29.17
   4  A/A      -0.60     -0.91      3.61      4.76      5.15     29.17
   5  A/A      -0.60     -0.91      3.61      4.75      5.14     29.17
   6  A/A      -0.60     -0.91      3.61      4.76      5.14     29.17
   7  A/A      -0.60     -0.91      3.61      4.76      5.15     29.17
   8  A/A      -0.60     -0.91      3.61      4.75      5.14     29.17
   9  A/A      -0.60     -0.91      3.61      4.76      5.14     29.17
          ~~~~~~~~~~~~~~~~~~~~~~~~~~~~~~~~~~~~~~~~~~~~~~~~~~~~~~~~~~~~
      ave.     -0.60     -0.91      3.61      4.76      5.14     29.17
      s.d.      0.00      0.00      0.00      0.00      0.00      0.00
****************************************************************************
Strand I base helical parameters
    step       X-disp    Y-disp     Rise     Incl.       Tip     Twist
   1  A/A      -2.92      0.42      3.26      9.92     -9.17     30.00
   2  A/A      -2.92      0.42      3.26      9.91     -9.17     30.00
   3  A/A      -2.92      0.42      3.26      9.91     -9.17     30.00
   4  A/A      -2.92      0.42      3.26      9.92     -9.17     30.00
   5  A/A      -2.92      0.42      3.26      9.91     -9.17     30.00
   6  A/A      -2.92      0.42      3.26      9.91     -9.17     30.00
   7  A/A      -2.92      0.42      3.26      9.92     -9.17     30.00
   8  A/A      -2.92      0.42      3.26      9.91     -9.17     30.00
   9  A/A      -2.92      0.42      3.26      9.91     -9.17     30.00
          ~~~~~~~~~~~~~~~~~~~~~~~~~~~~~~~~~~~~~~~~~~~~~~~~~~~~~~~~~~~~
      ave.     -2.92      0.42      3.26      9.91     -9.17     30.00
      s.d.      0.00      0.00      0.00      0.00      0.00      0.00
****************************************************************************
Strand II base step parameters
    step       Shift     Slide      Rise      Tilt      Roll     Twist
   1  T/T       1.05     -1.16      3.56      1.06      6.54     29.25
   2  T/T       1.05     -1.16      3.56      1.06      6.54     29.26
   3  T/T       1.05     -1.16      3.56      1.06      6.55     29.27
   4  T/T       1.05     -1.16      3.56      1.06      6.54     29.25
   5  T/T       1.05     -1.16      3.56      1.06      6.54     29.26
   6  T/T       1.05     -1.16      3.56      1.06      6.55     29.27
   7  T/T       1.05     -1.16      3.56      1.06      6.54     29.25
   8  T/T       1.05     -1.16      3.56      1.06      6.54     29.26
   9  T/T       1.05     -1.16      3.56      1.06      6.55     29.27
          ~~~~~~~~~~~~~~~~~~~~~~~~~~~~~~~~~~~~~~~~~~~~~~~~~~~~~~~~~~~~
      ave.      1.05     -1.16      3.56      1.06      6.54     29.26
      s.d.      0.00      0.00      0.00      0.00      0.00      0.01
****************************************************************************
Strand II base helical parameters
    step       X-disp    Y-disp     Rise     Incl.       Tip     Twist
   1  T/T      -3.69      0.01      3.26     12.60     -2.04     30.00
   2  T/T      -3.69      0.01      3.26     12.60     -2.05     30.00
   3  T/T      -3.69      0.01      3.26     12.60     -2.04     30.01
   4  T/T      -3.69      0.01      3.26     12.60     -2.04     30.00
   5  T/T      -3.69      0.01      3.26     12.60     -2.05     30.00
   6  T/T      -3.69      0.01      3.26     12.60     -2.04     30.01
   7  T/T      -3.69      0.01      3.26     12.60     -2.04     30.00
   8  T/T      -3.69      0.01      3.26     12.60     -2.05     30.00
   9  T/T      -3.69      0.01      3.26     12.60     -2.04     30.01
          ~~~~~~~~~~~~~~~~~~~~~~~~~~~~~~~~~~~~~~~~~~~~~~~~~~~~~~~~~~~~
      ave.     -3.69      0.01      3.26     12.60     -2.04     30.00
      s.d.      0.00      0.00      0.00      0.00      0.01      0.01
