  12 base-pairs
   0  ***local base-pair & step parameters***
       Shear  Stretch  Stagger Buckle Prop-Tw Opening   Shift  Slide    Rise    Tilt    Roll   Twist
C-G     0.28   -0.14    0.07    6.93  -17.31   -0.61    0.00    0.00    0.00    0.00    0.00    0.00
G-C    -0.24   -0.18    0.49    9.34  -14.30   -2.08    0.09    0.04    3.20   -3.22    8.52   32.73
C-G     0.24   -0.17    0.16   -4.43   -5.40    0.43    0.50    0.67    3.69    2.85   -9.06   43.88
G-C    -0.26   -0.11    0.01   10.81   -9.45    1.01   -0.14    0.59    3.00    0.97   11.30   25.11
A-T    -0.04   -0.11    0.01    4.72  -15.31    1.60   -0.45   -0.14    3.39   -1.59    1.37   37.50
A-T     0.05   -0.05    0.07    0.44  -15.00    6.23    0.17   -0.33    3.30   -0.33    0.46   37.52
T-A    -0.04   -0.12    0.17   -0.26  -16.74    3.93   -0.01   -0.60    3.22   -0.31   -2.67   32.40
T-A    -0.11   -0.12   -0.00   -1.56  -16.36    5.12   -0.08   -0.40    3.22    1.68   -0.97   33.74
C-G     0.21   -0.13    0.00  -12.41  -10.27   -1.22   -0.27   -0.23    3.47    0.68   -1.69   42.14
G-C    -0.11   -0.05    0.24    4.21   -9.60    3.21    0.70    0.78    3.07   -3.66    4.18   26.58
C-G     0.16   -0.13    0.21    0.28  -17.42   -1.75   -1.31    0.36    3.37   -2.85   -9.37   41.60
G-C    -0.24   -0.07    0.25    4.67   -4.95   -1.62   -0.31    0.21    3.17   -0.68    6.69   33.31
