Reference frame: Origins (Ox, Oy, Oz) followed by the direction cosines of the
                 X- (Xx, Yx, Zx), Y- (Yx, Yx, Yx), and Z- (Zx, Zx, Zx) axes
*****************************************************************************************
Local base-pair reference frames
                Ox      Oy      Oz     Xx    Xy    Xz   Yx    Yy    Yz    Zx    Zy    Zz
   1 A+T       2.30    1.70   -0.37 -0.87 -0.48 -0.09 -0.46  0.87 -0.20  0.17 -0.13 -0.98
   2 A+T       2.84    0.33   -3.63 -1.00  0.02 -0.09  0.03  0.98 -0.20  0.09 -0.20 -0.98
   3 A+T       2.62   -1.14   -6.89 -0.85  0.51 -0.09  0.52  0.83 -0.20 -0.02 -0.22 -0.98
   4 A+T       1.70   -2.30  -10.15 -0.48  0.87 -0.09  0.87  0.46 -0.20 -0.13 -0.17 -0.98
   5 A+T       0.33   -2.84  -13.41  0.02  1.00 -0.09  0.98 -0.03 -0.20 -0.20 -0.09 -0.98
   6 A+T      -1.14   -2.62  -16.67  0.51  0.85 -0.09  0.83 -0.52 -0.20 -0.22  0.02 -0.98
   7 A+T      -2.30   -1.70  -19.93  0.87  0.48 -0.09  0.46 -0.87 -0.20 -0.17  0.13 -0.98
   8 A+T      -2.84   -0.33  -23.19  1.00 -0.02 -0.09 -0.03 -0.98 -0.20 -0.09  0.20 -0.98
   9 A+T      -2.62    1.14  -26.45  0.85 -0.51 -0.09 -0.52 -0.83 -0.20  0.02  0.22 -0.98
  10 A+T      -1.70    2.30  -29.71  0.48 -0.87 -0.09 -0.87 -0.46 -0.20  0.13  0.17 -0.98
*****************************************************************************************
Local middle reference frames
                Ox      Oy      Oz     Xx    Xy    Xz   Yx    Yy    Yz    Zx    Zy    Zz
   1 AA/TT     2.57    1.01   -2.00 -0.97 -0.24 -0.09 -0.22  0.96 -0.19  0.13 -0.16 -0.98
   2 AA/TT     2.73   -0.41   -5.26 -0.96  0.27 -0.09  0.29  0.94 -0.19  0.03 -0.21 -0.98
   3 AA/TT     2.16   -1.72   -8.52 -0.69  0.72 -0.09  0.72  0.67 -0.19 -0.08 -0.20 -0.98
   4 AA/TT     1.01   -2.57  -11.78 -0.24  0.97 -0.09  0.96  0.22 -0.19 -0.16 -0.13 -0.98
   5 AA/TT    -0.41   -2.73  -15.04  0.27  0.96 -0.09  0.94 -0.29 -0.19 -0.21 -0.03 -0.98
   6 AA/TT    -1.72   -2.16  -18.30  0.72  0.69 -0.09  0.67 -0.72 -0.19 -0.20  0.08 -0.98
   7 AA/TT    -2.57   -1.01  -21.56  0.97  0.24 -0.09  0.22 -0.96 -0.19 -0.13  0.16 -0.98
   8 AA/TT    -2.73    0.41  -24.82  0.96 -0.27 -0.09 -0.29 -0.94 -0.19 -0.03  0.21 -0.98
   9 AA/TT    -2.16    1.72  -28.08  0.69 -0.72 -0.09 -0.72 -0.67 -0.19  0.08  0.20 -0.98
*****************************************************************************************
Local middle helical reference frames
                Ox      Oy      Oz     Xx    Xy    Xz   Yx    Yy    Yz    Zx    Zy    Zz
   1 AA/TT    -0.00    0.00   -2.00 -0.97 -0.23 -0.00 -0.23  0.97  0.00  0.00  0.00 -1.00
   2 AA/TT    -0.00   -0.00   -5.26 -0.96  0.28  0.00  0.28  0.96 -0.00 -0.00 -0.00 -1.00
   3 AA/TT     0.00   -0.00   -8.52 -0.69  0.73  0.00  0.73  0.69 -0.00 -0.00  0.00 -1.00
   4 AA/TT     0.00    0.00  -11.78 -0.23  0.97 -0.00  0.97  0.23  0.00  0.00 -0.00 -1.00
   5 AA/TT    -0.00    0.00  -15.04  0.28  0.96  0.00  0.96 -0.28 -0.00 -0.00  0.00 -1.00
   6 AA/TT    -0.00   -0.00  -18.30  0.73  0.69  0.00  0.69 -0.73 -0.00  0.00  0.00 -1.00
   7 AA/TT     0.00   -0.00  -21.56  0.97  0.23 -0.00  0.23 -0.97  0.00 -0.00 -0.00 -1.00
   8 AA/TT     0.00    0.00  -24.82  0.96 -0.28  0.00 -0.28 -0.96 -0.00  0.00  0.00 -1.00
   9 AA/TT    -0.00    0.00  -28.08  0.69 -0.73  0.00 -0.73 -0.69 -0.00  0.00 -0.00 -1.00
*****************************************************************************************
Local strand I base reference frames
                Ox      Oy      Oz     Xx    Xy    Xz   Yx    Yy    Yz    Zx    Zy    Zz
   1 A         2.93    0.11   -0.06 -0.98  0.10 -0.16  0.13  0.98 -0.17  0.14 -0.19 -0.97
   2 A         2.59   -1.37   -3.32 -0.80  0.58 -0.16  0.60  0.78 -0.17  0.02 -0.23 -0.97
   3 A         1.56   -2.48   -6.58 -0.40  0.90 -0.16  0.91  0.38 -0.17 -0.09 -0.21 -0.97
   4 A         0.11   -2.93   -9.84  0.10  0.98 -0.16  0.98 -0.13 -0.17 -0.19 -0.14 -0.97
   5 A        -1.37   -2.59  -13.10  0.58  0.80 -0.16  0.78 -0.60 -0.17 -0.23 -0.02 -0.97
   6 A        -2.48   -1.56  -16.36  0.90  0.40 -0.16  0.38 -0.91 -0.17 -0.21  0.09 -0.97
   7 A        -2.93   -0.11  -19.62  0.98 -0.10 -0.16 -0.13 -0.98 -0.17 -0.14  0.19 -0.97
   8 A        -2.59    1.37  -22.88  0.80 -0.58 -0.16 -0.60 -0.78 -0.17 -0.02  0.23 -0.97
   9 A        -1.56    2.48  -26.14  0.40 -0.90 -0.16 -0.91 -0.38 -0.17  0.09  0.21 -0.97
  10 A        -0.11    2.93  -29.40 -0.10 -0.98 -0.16 -0.98  0.13 -0.17  0.19  0.14 -0.97
*****************************************************************************************
Local strand II base reference frames
                Ox      Oy      Oz     Xx    Xy    Xz   Yx    Yy    Yz    Zx    Zy    Zz
   1 T         1.67    3.30   -0.68 -0.44 -0.90 -0.04 -0.87  0.44 -0.22  0.21 -0.07 -0.98
   2 T         3.10    2.02   -3.94 -0.83 -0.56 -0.04 -0.54  0.81 -0.22  0.15 -0.16 -0.98
   3 T         3.69    0.20   -7.20 -1.00 -0.07 -0.04 -0.06  0.97 -0.22  0.05 -0.22 -0.98
   4 T         3.30   -1.67  -10.46 -0.90  0.44 -0.04  0.44  0.87 -0.22 -0.07 -0.21 -0.98
   5 T         2.02   -3.10  -13.72 -0.56  0.83 -0.04  0.81  0.54 -0.22 -0.16 -0.15 -0.98
   6 T         0.20   -3.69  -16.98 -0.07  1.00 -0.04  0.97  0.06 -0.22 -0.22 -0.05 -0.98
   7 T        -1.67   -3.30  -20.24  0.44  0.90 -0.04  0.87 -0.44 -0.22 -0.21  0.07 -0.98
   8 T        -3.10   -2.02  -23.50  0.83  0.56 -0.04  0.54 -0.81 -0.22 -0.15  0.16 -0.98
   9 T        -3.69   -0.20  -26.76  1.00  0.07 -0.04  0.06 -0.97 -0.22 -0.05  0.22 -0.98
  10 T        -3.30    1.67  -30.02  0.90 -0.44 -0.04 -0.44 -0.87 -0.22  0.07  0.21 -0.98
****************************************************************************
Local strand I base step parameters
    step       Shift     Slide      Rise      Tilt      Roll     Twist
   1  A/A       0.29     -0.93      3.46      4.70      5.09     29.21
   2  A/A       0.29     -0.93      3.46      4.70      5.09     29.20
   3  A/A       0.29     -0.93      3.46      4.71      5.08     29.21
   4  A/A       0.29     -0.93      3.46      4.70      5.09     29.21
   5  A/A       0.29     -0.93      3.46      4.70      5.09     29.20
   6  A/A       0.29     -0.93      3.46      4.71      5.08     29.21
   7  A/A       0.29     -0.93      3.46      4.70      5.09     29.21
   8  A/A       0.29     -0.93      3.46      4.70      5.09     29.20
   9  A/A       0.29     -0.93      3.46      4.71      5.08     29.21
          ~~~~~~~~~~~~~~~~~~~~~~~~~~~~~~~~~~~~~~~~~~~~~~~~~~~~~~~~~~~~
      ave.      0.29     -0.93      3.46      4.70      5.09     29.21
      s.d.      0.00      0.00      0.00      0.00      0.00      0.00
****************************************************************************
Local strand I base helical parameters
    step       X-disp    Y-disp     Rise     Incl.       Tip     Twist
   1  A/A      -2.90      0.45      3.26      9.92     -9.17     30.00
   2  A/A      -2.90      0.45      3.26      9.91     -9.17     30.00
   3  A/A      -2.90      0.45      3.26      9.91     -9.17     30.00
   4  A/A      -2.90      0.45      3.26      9.92     -9.17     30.00
   5  A/A      -2.90      0.45      3.26      9.91     -9.17     30.00
   6  A/A      -2.90      0.45      3.26      9.91     -9.17     30.00
   7  A/A      -2.90      0.45      3.26      9.92     -9.17     30.00
   8  A/A      -2.90      0.45      3.26      9.91     -9.17     30.00
   9  A/A      -2.90      0.45      3.26      9.91     -9.17     30.00
          ~~~~~~~~~~~~~~~~~~~~~~~~~~~~~~~~~~~~~~~~~~~~~~~~~~~~~~~~~~~~
      ave.     -2.90      0.45      3.26      9.91     -9.17     30.00
      s.d.      0.00      0.00      0.00      0.00      0.00      0.00
****************************************************************************
Local strand II base step parameters
    step       Shift     Slide      Rise      Tilt      Roll     Twist
   1  T/T       0.13     -1.18      3.59      1.05      6.47     29.29
   2  T/T       0.13     -1.18      3.59      1.05      6.47     29.29
   3  T/T       0.14     -1.18      3.59      1.05      6.48     29.30
   4  T/T       0.13     -1.18      3.59      1.05      6.47     29.29
   5  T/T       0.13     -1.18      3.59      1.05      6.47     29.29
   6  T/T       0.14     -1.18      3.59      1.05      6.48     29.30
   7  T/T       0.13     -1.18      3.59      1.05      6.47     29.29
   8  T/T       0.13     -1.18      3.59      1.05      6.47     29.29
   9  T/T       0.14     -1.18      3.59      1.05      6.48     29.30
          ~~~~~~~~~~~~~~~~~~~~~~~~~~~~~~~~~~~~~~~~~~~~~~~~~~~~~~~~~~~~
      ave.      0.14     -1.18      3.59      1.05      6.47     29.29
      s.d.      0.00      0.00      0.00      0.00      0.00      0.01
****************************************************************************
Local strand II base helical parameters
    step       X-disp    Y-disp     Rise     Incl.       Tip     Twist
   1  T/T      -3.70     -0.03      3.26     12.60     -2.04     30.00
   2  T/T      -3.70     -0.03      3.26     12.60     -2.05     30.00
   3  T/T      -3.70     -0.03      3.26     12.60     -2.04     30.01
   4  T/T      -3.70     -0.03      3.26     12.60     -2.04     30.00
   5  T/T      -3.70     -0.03      3.26     12.60     -2.05     30.00
   6  T/T      -3.70     -0.03      3.26     12.60     -2.04     30.01
   7  T/T      -3.70     -0.03      3.26     12.60     -2.04     30.00
   8  T/T      -3.70     -0.03      3.26     12.60     -2.05     30.00
   9  T/T      -3.70     -0.03      3.26     12.60     -2.04     30.01
          ~~~~~~~~~~~~~~~~~~~~~~~~~~~~~~~~~~~~~~~~~~~~~~~~~~~~~~~~~~~~
      ave.     -3.70     -0.03      3.26     12.60     -2.04     30.00
      s.d.      0.00      0.00      0.00      0.00      0.01      0.01
****************************************************************************
xyz coordinates of C1' atoms

    bp        xI       yI       zI       xII      yII      zII
   1 A+T     6.079    5.065   -0.572   -1.895    7.881   -1.757
   2 A+T     7.797    1.347   -3.832    2.300    7.773   -5.017
   3 A+T     7.425   -2.732   -7.092    5.878    5.582   -8.277
   4 A+T     5.065   -6.079  -10.352    7.881    1.895  -11.537
   5 A+T     1.347   -7.797  -13.612    7.773   -2.300  -14.797
   6 A+T    -2.732   -7.425  -16.872    5.582   -5.878  -18.057
   7 A+T    -6.079   -5.065  -20.132    1.895   -7.881  -21.317
   8 A+T    -7.797   -1.347  -23.392   -2.300   -7.773  -24.577
   9 A+T    -7.425    2.732  -26.652   -5.878   -5.582  -27.837
  10 A+T    -5.065    6.079  -29.912   -7.881   -1.895  -31.097
****************************************************************************
xyz coordinates of RN9/YN1 atoms

    bp        xI       yI       zI       xII      yII      zII
   1 A+T     4.765    4.363   -0.622   -1.701    6.410   -1.616
   2 A+T     6.308    1.396   -3.882    1.732    6.402   -4.876
   3 A+T     6.161   -1.945   -7.142    4.701    4.678   -8.136
   4 A+T     4.363   -4.765  -10.402    6.410    1.701  -11.396
   5 A+T     1.396   -6.308  -13.662    6.402   -1.732  -14.656
   6 A+T    -1.945   -6.161  -16.922    4.678   -4.701  -17.916
   7 A+T    -4.765   -4.363  -20.182    1.701   -6.410  -21.176
   8 A+T    -6.308   -1.396  -23.442   -1.732   -6.402  -24.436
   9 A+T    -6.161    1.945  -26.702   -4.701   -4.678  -27.696
  10 A+T    -4.363    4.765  -29.962   -6.410   -1.701  -30.956
****************************************************************************
xyz coordinates of RC8/YC6 atoms

    bp        xI       yI       zI       xII      yII      zII
   1 A+T     3.535    4.887   -0.897   -2.748    5.544   -1.785
   2 A+T     5.504    2.465   -4.157    0.392    6.176   -5.045
   3 A+T     5.999   -0.618   -7.417    3.427    5.152   -8.305
   4 A+T     4.887   -3.535  -10.677    5.544    2.748  -11.565
   5 A+T     2.465   -5.504  -13.937    6.176   -0.392  -14.825
   6 A+T    -0.618   -5.999  -17.197    5.152   -3.427  -18.085
   7 A+T    -3.535   -4.887  -20.457    2.748   -5.544  -21.345
   8 A+T    -5.504   -2.465  -23.717   -0.392   -6.176  -24.605
   9 A+T    -5.999    0.618  -26.977   -3.427   -5.152  -27.865
  10 A+T    -4.887    3.535  -30.237   -5.544   -2.748  -31.125
****************************************************************************
xyz coordinates of P atoms w.r.t. the middle frame of each dimer

    step       xI      yI      zI     xII     yII     zII
   1 AA/TT   -5.42    4.82    2.60    3.69    9.39    2.34
   2 AA/TT   -5.42    4.82    2.60    3.69    9.39    2.34
   3 AA/TT   -5.42    4.82    2.60    3.69    9.39    2.34
   4 AA/TT   -5.42    4.82    2.60    3.69    9.39    2.34
   5 AA/TT   -5.42    4.82    2.60    3.69    9.39    2.34
   6 AA/TT   -5.42    4.82    2.60    3.69    9.39    2.34
   7 AA/TT   -5.42    4.82    2.60    3.69    9.39    2.34
   8 AA/TT   -5.42    4.82    2.60    3.69    9.39    2.34
   9 AA/TT   -5.42    4.82    2.60    3.69    9.39    2.34
****************************************************************************
xyz coordinates of P atoms w.r.t. the middle helix frame of each dimer

    step      xIH     yIH     zIH     xIIH    yIIH    zIIH
   1 AA/TT   -8.41    4.68    2.97    0.65    9.13    4.39
   2 AA/TT   -8.41    4.68    2.97    0.65    9.13    4.39
   3 AA/TT   -8.41    4.68    2.97    0.65    9.13    4.39
   4 AA/TT   -8.41    4.68    2.97    0.65    9.13    4.39
   5 AA/TT   -8.41    4.68    2.97    0.65    9.13    4.39
   6 AA/TT   -8.41    4.68    2.97    0.65    9.13    4.39
   7 AA/TT   -8.41    4.68    2.97    0.65    9.13    4.39
   8 AA/TT   -8.41    4.68    2.97    0.65    9.13    4.39
   9 AA/TT   -8.41    4.68    2.97    0.65    9.13    4.39
****************************************************************************
xyz coordinates of P atoms

    bp        xI       yI       zI       xII      yII      zII
   1 A+T     2.883    9.182   -1.705   -6.757    6.176   -3.130
   2 A+T     7.088    6.511   -4.965   -2.763    8.727   -6.390
   3 A+T     9.393    2.094   -8.225    1.970    8.939   -9.650
   4 A+T     9.182   -2.883  -11.485    6.176    6.757  -12.910
   5 A+T     6.511   -7.088  -14.745    8.727    2.763  -16.170
   6 A+T     2.094   -9.393  -18.005    8.939   -1.970  -19.430
   7 A+T    -2.883   -9.182  -21.265    6.757   -6.176  -22.690
   8 A+T    -7.088   -6.511  -24.525    2.763   -8.727  -25.950
   9 A+T    -9.393   -2.094  -27.785   -1.970   -8.939  -29.210
  10 A+T    -9.182    2.883  -31.045   -6.176   -6.757  -32.470
*******************************************************************************************
Phosphorus-phosphorus distance in Angstroms

            1      2      3      4      5      6      7      8      9     10
            T      T      T      T      T      T      T      T      T      T   
   1 A    10.2    7.4    8.0   11.9   16.9   21.8   26.3   30.1   33.3   35.8
   2 A    14.0   10.2    7.4    8.0   11.9   16.9   21.8   26.3   30.1   33.3
   3 A    17.4   14.0   10.2    7.4    8.0   11.9   16.9   21.8   26.3   30.1
   4 A    20.1   17.4   14.0   10.2    7.4    8.0   11.9   16.9   21.8   26.3
   5 A    22.1   20.1   17.4   14.0   10.2    7.4    8.0   11.9   16.9   21.8
   6 A    23.3   22.1   20.1   17.4   14.0   10.2    7.4    8.0   11.9   16.9
   7 A    24.1   23.3   22.1   20.1   17.4   14.0   10.2    7.4    8.0   11.9
   8 A    24.9   24.1   23.3   22.1   20.1   17.4   14.0   10.2    7.4    8.0
   9 A    26.1   24.9   24.1   23.3   22.1   20.1   17.4   14.0   10.2    7.4
  10 A    28.2   26.1   24.9   24.1   23.3   22.1   20.1   17.4   14.0   10.2
****************************************************************************
Strand I helix radius

    step          P        O4'       C1'
   1  A/A        9.6       8.7       7.9
   2  A/A        9.6       8.7       7.9
   3  A/A        9.6       8.7       7.9
   4  A/A        9.6       8.7       7.9
   5  A/A        9.6       8.7       7.9
   6  A/A        9.6       8.7       7.9
   7  A/A        9.6       8.7       7.9
   8  A/A        9.6       8.7       7.9
   9  A/A        9.6       8.7       7.9
****************************************************************************
Strand II helix radius

    step          P        O4'       C1'
   1  T/T        9.2       8.8       8.1
   2  T/T        9.2       8.8       8.1
   3  T/T        9.2       8.8       8.1
   4  T/T        9.2       8.8       8.1
   5  T/T        9.2       8.8       8.1
   6  T/T        9.2       8.8       8.1
   7  T/T        9.2       8.8       8.1
   8  T/T        9.2       8.8       8.1
   9  T/T        9.2       8.8       8.1
****************************************************************************************
Base-pair helix axis

               Ox      Oy      Oz     Xx    Xy    Xz   Yx    Yy    Yz    Zx    Zy    Zz
   1 AA/TT   -0.00    0.00   -0.37 -0.88 -0.48 -0.00 -0.48  0.88  0.00  0.00  0.00 -1.00
             -0.00    0.00   -3.63 -1.00  0.03 -0.00  0.03  1.00  0.00  0.00  0.00 -1.00
   2 AA/TT   -0.00   -0.00   -3.63 -1.00  0.03  0.00  0.03  1.00 -0.00 -0.00 -0.00 -1.00
             -0.00   -0.00   -6.89 -0.85  0.52  0.00  0.52  0.85 -0.00 -0.00 -0.00 -1.00
   3 AA/TT    0.00   -0.00   -6.89 -0.85  0.52  0.00  0.52  0.85 -0.00 -0.00  0.00 -1.00
              0.00   -0.00  -10.15 -0.48  0.88  0.00  0.88  0.48 -0.00 -0.00  0.00 -1.00
   4 AA/TT    0.00    0.00  -10.15 -0.48  0.88 -0.00  0.88  0.48  0.00  0.00 -0.00 -1.00
              0.00    0.00  -13.41  0.03  1.00 -0.00  1.00 -0.03  0.00  0.00 -0.00 -1.00
   5 AA/TT   -0.00    0.00  -13.41  0.03  1.00  0.00  1.00 -0.03 -0.00 -0.00  0.00 -1.00
             -0.00    0.00  -16.67  0.52  0.85  0.00  0.85 -0.52 -0.00 -0.00  0.00 -1.00
   6 AA/TT   -0.00   -0.00  -16.67  0.52  0.85  0.00  0.85 -0.52 -0.00  0.00  0.00 -1.00
             -0.00   -0.00  -19.93  0.88  0.48  0.00  0.48 -0.88 -0.00  0.00  0.00 -1.00
   7 AA/TT    0.00   -0.00  -19.93  0.88  0.48 -0.00  0.48 -0.88  0.00 -0.00 -0.00 -1.00
              0.00   -0.00  -23.19  1.00 -0.03 -0.00 -0.03 -1.00  0.00 -0.00 -0.00 -1.00
   8 AA/TT    0.00    0.00  -23.19  1.00 -0.03  0.00 -0.03 -1.00 -0.00  0.00  0.00 -1.00
              0.00    0.00  -26.45  0.85 -0.52  0.00 -0.52 -0.85 -0.00  0.00  0.00 -1.00
   9 AA/TT   -0.00    0.00  -26.45  0.85 -0.52  0.00 -0.52 -0.85 -0.00  0.00 -0.00 -1.00
             -0.00    0.00  -29.71  0.48 -0.88  0.00 -0.88 -0.48 -0.00  0.00 -0.00 -1.00
****************************************************************************************
Strand I helix axis

               Ox      Oy      Oz     Xx    Xy    Xz   Yx    Yy    Yz    Zx    Zy    Zz
   1  A/A    -0.00    0.00   -0.06 -0.99  0.12 -0.00  0.12  0.99  0.00  0.00  0.00 -1.00
              0.00    0.00   -3.32 -0.80  0.60  0.00  0.60  0.80  0.00  0.00  0.00 -1.00
   2  A/A    -0.00   -0.00   -3.32 -0.80  0.60  0.00  0.60  0.80 -0.00 -0.00 -0.00 -1.00
             -0.00   -0.00   -6.58 -0.40  0.92 -0.00  0.92  0.40 -0.00 -0.00 -0.00 -1.00
   3  A/A     0.00   -0.00   -6.58 -0.40  0.92  0.00  0.92  0.40 -0.00 -0.00  0.00 -1.00
             -0.00   -0.00   -9.84  0.12  0.99 -0.00  0.99 -0.12 -0.00 -0.00  0.00 -1.00
   4  A/A     0.00    0.00   -9.84  0.12  0.99 -0.00  0.99 -0.12  0.00  0.00 -0.00 -1.00
              0.00   -0.00  -13.10  0.60  0.80  0.00  0.80 -0.60  0.00  0.00 -0.00 -1.00
   5  A/A    -0.00    0.00  -13.10  0.60  0.80  0.00  0.80 -0.60 -0.00 -0.00  0.00 -1.00
             -0.00    0.00  -16.36  0.92  0.40 -0.00  0.40 -0.92 -0.00 -0.00  0.00 -1.00
   6  A/A    -0.00   -0.00  -16.36  0.92  0.40  0.00  0.40 -0.92 -0.00  0.00  0.00 -1.00
             -0.00    0.00  -19.62  0.99 -0.12 -0.00 -0.12 -0.99 -0.00  0.00  0.00 -1.00
   7  A/A     0.00   -0.00  -19.62  0.99 -0.12 -0.00 -0.12 -0.99  0.00 -0.00 -0.00 -1.00
             -0.00   -0.00  -22.88  0.80 -0.60  0.00 -0.60 -0.80  0.00 -0.00 -0.00 -1.00
   8  A/A     0.00    0.00  -22.88  0.80 -0.60  0.00 -0.60 -0.80 -0.00  0.00  0.00 -1.00
              0.00    0.00  -26.14  0.40 -0.92 -0.00 -0.92 -0.40 -0.00  0.00  0.00 -1.00
   9  A/A    -0.00    0.00  -26.14  0.40 -0.92  0.00 -0.92 -0.40 -0.00  0.00 -0.00 -1.00
              0.00    0.00  -29.40 -0.12 -0.99 -0.00 -0.99  0.12 -0.00  0.00 -0.00 -1.00
****************************************************************************************
Strand II helix axis

               Ox      Oy      Oz     Xx    Xy    Xz   Yx    Yy    Yz    Zx    Zy    Zz
   1  T/T    -0.00   -0.00   -0.68 -0.44 -0.90 -0.00 -0.90  0.44 -0.00  0.00  0.00 -1.00
             -0.00    0.00   -3.94 -0.83 -0.55 -0.00 -0.55  0.83 -0.00  0.00  0.00 -1.00
   2  T/T    -0.00   -0.00   -3.94 -0.83 -0.55  0.00 -0.55  0.83  0.00 -0.00 -0.00 -1.00
             -0.00   -0.00   -7.20 -1.00 -0.06  0.00 -0.06  1.00 -0.00 -0.00 -0.00 -1.00
   3  T/T     0.00    0.00   -7.20 -1.00 -0.06 -0.00 -0.06  1.00  0.00  0.00  0.00 -1.00
              0.00    0.00  -10.46 -0.90  0.44  0.00  0.44  0.90  0.00  0.00  0.00 -1.00
   4  T/T    -0.00    0.00  -10.46 -0.90  0.44 -0.00  0.44  0.90 -0.00  0.00 -0.00 -1.00
              0.00    0.00  -13.72 -0.55  0.83 -0.00  0.83  0.55 -0.00  0.00 -0.00 -1.00
   5  T/T    -0.00    0.00  -13.72 -0.55  0.83  0.00  0.83  0.55  0.00 -0.00  0.00 -1.00
             -0.00    0.00  -16.98 -0.06  1.00  0.00  1.00  0.06 -0.00 -0.00  0.00 -1.00
   6  T/T     0.00   -0.00  -16.98 -0.06  1.00 -0.00  1.00  0.06  0.00  0.00 -0.00 -1.00
              0.00   -0.00  -20.24  0.44  0.90  0.00  0.90 -0.44  0.00  0.00 -0.00 -1.00
   7  T/T     0.00    0.00  -20.24  0.44  0.90 -0.00  0.90 -0.44 -0.00 -0.00 -0.00 -1.00
              0.00   -0.00  -23.50  0.83  0.55 -0.00  0.55 -0.83 -0.00 -0.00 -0.00 -1.00
   8  T/T     0.00    0.00  -23.50  0.83  0.55  0.00  0.55 -0.83  0.00  0.00  0.00 -1.00
              0.00    0.00  -26.76  1.00  0.06  0.00  0.06 -1.00 -0.00  0.00  0.00 -1.00
   9  T/T    -0.00   -0.00  -26.76  1.00  0.06 -0.00  0.06 -1.00  0.00 -0.00 -0.00 -1.00
             -0.00   -0.00  -30.02  0.90 -0.44  0.00 -0.44 -0.90  0.00 -0.00 -0.00 -1.00
