  10 base-pairs
   0  ***local base-pair & step parameters***
       Shear  Stretch  Stagger Buckle Prop-Tw Opening   Shift  Slide    Rise    Tilt    Roll   Twist
A+T     0.39   -3.46    0.02    4.23    7.07   69.39    0.00    0.00    0.00    0.00    0.00    0.00
A+T     0.39   -3.46    0.02    4.23    7.07   69.40    0.10   -0.82    3.48    2.75    5.79   29.32
A+T     0.39   -3.46    0.02    4.23    7.08   69.40    0.10   -0.82    3.48    2.76    5.79   29.32
A+T     0.39   -3.46    0.02    4.23    7.07   69.39    0.10   -0.82    3.48    2.76    5.79   29.33
A+T     0.39   -3.46    0.02    4.23    7.07   69.40    0.10   -0.82    3.48    2.75    5.79   29.32
A+T     0.39   -3.46    0.02    4.23    7.08   69.40    0.10   -0.82    3.48    2.76    5.79   29.32
A+T     0.39   -3.46    0.02    4.23    7.07   69.39    0.10   -0.82    3.48    2.76    5.79   29.33
A+T     0.39   -3.46    0.02    4.23    7.07   69.40    0.10   -0.82    3.48    2.75    5.79   29.32
A+T     0.39   -3.46    0.02    4.23    7.08   69.40    0.10   -0.82    3.48    2.76    5.79   29.32
A+T     0.39   -3.46    0.02    4.23    7.07   69.39    0.10   -0.82    3.48    2.76    5.79   29.33
